0.000000
0.000000
0.035176
0.080402
0.010050
0.010050
0.060302
0.000000
0.085427
0.000000
0.065327
0.015075
0.010050
0.000000
0.010050
0.000000
0.070352
0.000000
0.060302
0.010050
0.015075
0.000000
0.090452
0.030151
0.000000
0.050251
0.040201
0.045226
0.040201
0.000000
0.015075
0.100503
0.065327
0.010050
0.045226
0.010050
0.000000
0.015075
0.085427
0.060302
0.000000
0.060302
0.015075
0.000000
0.025126
0.030151
0.065327
0.050251
0.010050
0.010050
0.015075
0.135678
0.055276
0.010050
0.000000
0.005025
0.000000
0.050251
0.010050
0.020101
0.045226
0.000000
0.000000
0.030151
0.000000
0.015075
0.020101
0.010050
0.000000
0.030151
0.120603
0.035176
0.040201
0.000000
0.095477
0.020101
0.035176
0.000000
0.010050
0.050251
0.035176
0.015075
0.110553
0.075377
0.000000
0.015075
0.000000
0.040201
0.000000
0.175879
0.010050
0.045226
0.030151
0.120603
0.025126
0.010050
0.105528
0.010050
0.010050
0.000000
