0.733668
0.060302
0.015075
1.000000
0.728643
0.829146
0.783920
0.879397
0.718593
0.000000
0.608040
1.000000
0.949749
0.246231
0.467337
0.979899
0.733668
0.628141
0.949749
0.613065
0.859296
0.904523
0.814070
0.804020
0.919598
0.879397
0.532663
0.824121
0.914573
0.954774
0.854271
0.417085
0.944724
1.000000
1.000000
0.944724
0.829146
0.708543
1.000000
0.683417
1.000000
0.899497
0.914573
0.517588
0.407035
1.000000
0.190955
0.783920
1.000000
0.944724
0.879397
0.251256
0.959799
0.356784
0.572864
0.547739
0.849246
0.447236
0.638191
1.000000
0.884422
0.788945
0.994975
1.000000
0.783920
0.989950
0.844221
0.768844
0.994975
1.000000
0.728643
1.000000
1.000000
0.929648
0.291457
0.467337
0.984925
1.000000
0.869347
1.000000
1.000000
0.472362
0.402010
0.447236
0.964824
0.929648
0.924623
0.592965
0.587940
0.819095
0.628141
0.502513
0.969849
0.648241
0.618090
1.000000
0.457286
0.854271
0.703518
0.974874
