0.106180
0.093920
0.130890
0.124610
0.100600
0.104750
0.096470
0.127920
0.093220
0.095620
0.099230
0.098300
0.139790
0.111580
0.110200
0.134330
0.132380
0.129920
0.146960
0.135050
0.165420
0.115220
0.110100
0.123450
0.113160
0.158270
0.121430
0.150240
0.107520
0.168990
0.138700
0.180630
0.106020
0.114960
0.116310
0.089170
0.147500
0.100370
0.090010
0.098040
0.105210
0.112660
0.086110
0.127670
0.126750
0.137950
0.098210
0.122690
0.131200
0.126900
0.080320
0.104420
0.118750
0.126230
0.129830
0.104740
0.139770
0.094840
0.129670
0.092450
0.134540
0.153220
0.125760
0.108730
0.139220
0.136900
0.116600
0.122640
0.135780
0.162620
0.163640
0.150220
0.150050
0.075780
0.128540
0.118480
0.152480
0.131150
0.151600
0.099450
0.116270
0.158060
0.129690
0.094840
0.128250
0.104930
0.112450
0.120910
0.107550
0.081090
0.105820
0.096230
0.126100
0.157860
0.094810
0.092380
0.115520
0.152100
0.100670
0.087620
