0.733830
0.524090
0.858960
0.688700
0.333090
0.545900
0.456510
0.548690
0.506430
0.526170
0.474360
0.580210
0.660560
0.451390
0.314720
0.762080
0.503810
0.387220
0.421730
0.455380
0.494220
0.617450
0.675080
0.504050
0.593340
0.659960
0.852710
0.526080
0.588990
0.701440
0.594190
0.700340
0.639850
0.589530
0.604860
0.632000
0.462560
0.608750
0.347460
0.498720
0.755330
0.380600
0.682000
0.518530
0.694020
0.766950
0.306680
0.470150
0.710360
0.541950
0.323700
0.577720
0.726920
0.662210
0.552080
0.646370
0.539140
0.540420
0.589790
0.834760
0.533970
0.729400
0.427090
0.606300
0.383570
0.873930
0.766850
0.475800
0.814580
0.764800
0.582850
0.709420
0.574460
0.295530
0.581810
0.488030
0.563430
0.804530
0.686500
0.645290
0.566400
0.581660
0.353460
0.681390
0.751360
0.942420
0.587620
0.850680
0.861440
0.616980
0.735290
0.903850
0.587040
0.576000
0.613340
0.834860
0.572800
0.431190
0.788340
0.819260
