1.000000
0.949749
1.000000
0.984925
0.924623
0.969849
0.954774
0.979899
0.542714
0.788945
0.949749
0.974874
0.964824
0.914573
1.000000
0.979899
0.447236
0.949749
0.884422
0.688442
0.718593
0.989950
0.954774
0.743719
1.000000
0.889447
0.834171
0.929648
0.798995
0.879397
0.974874
0.984925
0.939698
0.964824
0.869347
0.994975
0.974874
0.969849
0.557789
0.783920
0.673367
0.653266
0.914573
0.552764
0.904523
0.969849
0.587940
0.979899
0.989950
0.964824
0.924623
0.879397
0.984925
0.949749
0.949749
0.874372
0.939698
0.909548
0.974874
0.994975
0.919598
1.000000
0.673367
0.969849
0.809045
0.994975
1.000000
0.854271
0.969849
1.000000
0.899497
1.000000
0.859296
0.969849
0.944724
0.899497
0.964824
0.864322
0.653266
0.874372
0.879397
0.793970
0.492462
0.919598
0.984925
1.000000
0.834171
0.984925
0.984925
0.954774
0.979899
0.994975
0.633166
0.984925
0.969849
0.994975
0.743719
0.165829
0.939698
0.959799
