0.010050
0.040201
0.000000
0.030151
0.010050
0.005025
0.025126
0.035176
0.000000
0.005025
0.000000
0.005025
0.040201
0.055276
0.005025
0.035176
0.035176
0.050251
0.025126
0.030151
0.040201
0.030151
0.020101
0.040201
0.030151
0.035176
0.025126
0.000000
0.025126
0.005025
0.130653
0.000000
0.030151
0.000000
0.000000
0.005025
0.201005
0.000000
0.000000
0.030151
0.000000
0.015075
0.005025
0.030151
0.065327
0.000000
0.115578
0.015075
0.030151
0.000000
0.020101
0.010050
0.045226
0.015075
0.010050
0.060302
0.010050
0.020101
0.005025
0.015075
0.000000
0.005025
0.070352
0.000000
0.085427
0.000000
0.005025
0.025126
0.020101
0.010050
0.055276
0.005025
0.005025
0.010050
0.000000
0.000000
0.030151
0.010050
0.000000
0.000000
0.005025
0.120603
0.115578
0.000000
0.050251
0.000000
0.025126
0.000000
0.000000
0.000000
0.010050
0.010050
0.030151
0.005025
0.000000
0.000000
0.000000
0.005025
0.005025
0.020101
