0.005025
0.060302
0.020101
0.020101
0.000000
0.055276
0.000000
0.000000
0.000000
0.010050
0.120603
0.035176
0.000000
0.000000
0.000000
0.030151
0.025126
0.085427
0.170854
0.070352
0.010050
0.000000
0.035176
0.000000
0.075377
0.000000
0.155779
0.020101
0.000000
0.000000
0.035176
0.015075
0.000000
0.040201
0.005025
0.010050
0.165829
0.005025
0.000000
0.020101
0.040201
0.020101
0.050251
0.120603
0.015075
0.065327
0.005025
0.045226
0.000000
0.040201
0.090452
0.065327
0.000000
0.000000
0.060302
0.030151
0.065327
0.005025
0.010050
0.050251
0.030151
0.090452
0.090452
0.095477
0.050251
0.005025
0.000000
0.000000
0.160804
0.080402
0.000000
0.030151
0.095477
0.005025
0.271357
0.005025
0.010050
0.050251
0.000000
0.105528
0.005025
0.045226
0.010050
0.000000
0.005025
0.000000
0.075377
0.020101
0.005025
0.050251
0.000000
0.095477
0.005025
0.025126
0.040201
0.015075
0.005025
0.000000
0.010050
0.050251
