0.130710
0.125480
0.089190
0.125730
0.119420
0.096360
0.125660
0.126880
0.105620
0.088730
0.127780
0.122200
0.127820
0.093970
0.094650
0.108660
0.125040
0.121900
0.180840
0.161050
0.128360
0.118690
0.103870
0.120130
0.163550
0.153320
0.097150
0.098620
0.113130
0.125560
0.111000
0.128000
0.110840
0.113580
0.133520
0.116480
0.125560
0.109330
0.115630
0.110320
0.093680
0.130920
0.130280
0.187440
0.121690
0.149280
0.102130
0.122940
0.100010
0.140730
0.111720
0.115810
0.142350
0.121400
0.103650
0.108430
0.121360
0.078650
0.083070
0.136100
0.112420
0.132820
0.096310
0.167490
0.135040
0.112440
0.143510
0.102780
0.118430
0.138990
0.134670
0.094770
0.151320
0.123890
0.159970
0.138610
0.121430
0.138610
0.115400
0.201050
0.138800
0.137820
0.125610
0.110000
0.093810
0.113110
0.105920
0.104920
0.162080
0.114580
0.000000
0.139870
0.124280
0.125580
0.105370
0.113090
0.119520
0.116870
0.111130
0.110570
