0.489320
0.299090
0.113280
0.562060
0.246380
0.341680
0.513030
0.654540
0.458320
0.000000
0.444020
0.558600
0.488540
0.308240
0.625290
0.546250
0.155490
0.481640
0.568060
0.522400
0.512620
0.486800
0.671470
0.467890
0.479840
0.613600
0.411460
0.522320
0.363720
0.546590
0.438720
0.484210
0.518600
0.620220
0.323960
0.631880
0.595130
0.497680
0.495660
0.343450
0.486890
0.541520
0.434630
0.366500
0.333510
0.535970
0.511010
0.657710
0.587800
0.557450
0.498810
0.439570
0.484400
0.246810
0.328060
0.387940
0.448100
0.283810
0.582120
0.528290
0.264380
0.353760
0.350190
0.444410
0.243630
0.645570
0.578300
0.279040
0.646420
0.598520
0.595360
0.655700
0.721030
0.452500
0.447250
0.357220
0.571630
0.420720
0.389270
0.544520
0.340570
0.251770
0.336440
0.240880
0.469170
0.614860
0.390590
0.391820
0.762460
0.310290
0.741210
0.368780
0.495450
0.377400
0.619240
0.489310
0.245340
0.178500
0.308130
0.652850
