0.904523
0.376884
0.010050
1.000000
0.306533
0.613065
0.899497
0.964824
0.814070
0.000000
0.773869
0.869347
0.869347
0.804020
0.984925
0.929648
0.105528
0.824121
0.954774
0.879397
0.904523
0.884422
0.994975
0.819095
0.959799
0.889447
0.758794
0.819095
0.718593
0.949749
0.864322
0.819095
0.889447
0.879397
0.658291
0.974874
0.959799
0.798995
0.778894
0.668342
0.879397
0.934673
0.708543
0.783920
0.587940
0.904523
0.758794
0.944724
0.889447
0.944724
0.909548
0.753769
0.934673
0.552764
0.527638
0.793970
0.864322
0.391960
0.939698
0.899497
0.753769
0.608040
0.597990
0.834171
0.266332
0.979899
0.939698
0.547739
0.974874
0.949749
0.809045
0.979899
0.954774
0.804020
0.874372
0.608040
0.844221
0.889447
0.597990
0.869347
0.678392
0.321608
0.417085
0.206030
0.964824
0.904523
0.723618
0.638191
0.949749
0.814070
0.944724
0.356784
0.914573
0.653266
0.914573
0.904523
0.381910
0.211055
0.452261
0.979899
