0.081520
0.094740
0.104650
0.112460
0.116480
0.109800
0.124120
0.134440
0.080420
0.092560
0.100890
0.131180
0.169010
0.111080
0.122470
0.118750
0.103210
0.168590
0.131200
0.161650
0.153330
0.110700
0.136010
0.130670
0.126600
0.130690
0.106140
0.094030
0.129380
0.157570
0.132840
0.105360
0.104180
0.125500
0.116620
0.086990
0.247650
0.103070
0.116190
0.103130
0.105830
0.102020
0.091580
0.106490
0.120610
0.105200
0.133920
0.122030
0.130970
0.105930
0.088940
0.105250
0.120760
0.109440
0.170670
0.139010
0.135850
0.096060
0.111630
0.108880
0.120510
0.116840
0.098330
0.129890
0.126140
0.124430
0.119950
0.112910
0.125460
0.121210
0.109750
0.091740
0.114000
0.095730
0.139940
0.124870
0.129890
0.140510
0.129340
0.108520
0.110380
0.169740
0.145820
0.116790
0.102220
0.104590
0.092720
0.102080
0.103510
0.098670
0.102040
0.155300
0.090180
0.119240
0.109150
0.104260
0.107220
0.102240
0.104880
0.094290
