0.628610
0.257110
0.119580
0.601370
0.113250
0.381880
0.459470
0.640530
0.442190
0.000000
0.304390
0.597980
0.446200
0.460280
0.581190
0.563930
0.269910
0.561210
0.465810
0.430950
0.394880
0.575920
0.531510
0.377130
0.462040
0.529380
0.554730
0.440170
0.459210
0.458200
0.591050
0.583580
0.391750
0.589140
0.473500
0.555040
0.538050
0.441750
0.433970
0.700520
0.698060
0.229760
0.486220
0.656190
0.386100
0.547950
0.393220
0.518500
0.594010
0.508880
0.510130
0.542800
0.841780
0.446980
0.500760
0.620950
0.596940
0.227430
0.331430
0.555340
0.587480
0.399860
0.158690
0.584290
0.391390
0.554790
0.642450
0.381710
0.775970
0.480280
0.549950
0.607630
0.577220
0.496720
0.423070
0.392530
0.478120
0.416170
0.413210
0.479970
0.435440
0.422440
0.303710
0.252870
0.459610
0.746420
0.223820
0.325730
0.371300
0.267050
0.584450
0.347230
0.388240
0.409540
0.465450
0.570040
0.432230
0.296850
0.403140
0.672670
