0.729800
0.463330
0.747000
0.632730
0.459440
0.677770
0.568210
0.750160
0.400000
0.485740
0.585120
0.516710
0.614040
0.501560
0.772350
0.737710
0.376850
0.638330
0.507040
0.384820
0.390220
0.645410
0.711090
0.479000
0.846600
0.610960
0.563490
0.586920
0.471440
0.533420
0.600930
0.678690
0.488450
0.668740
0.477760
0.740000
0.721790
0.588120
0.322450
0.395560
0.427730
0.364810
0.541360
0.327090
0.491460
0.638980
0.344510
0.772860
0.634040
0.629950
0.552900
0.475800
0.542680
0.465630
0.587550
0.533310
0.687310
0.555640
0.497230
0.812120
0.322200
0.889670
0.457160
0.562650
0.456870
0.795210
0.809300
0.466660
0.679830
0.800780
0.675790
0.804820
0.505470
0.747700
0.549710
0.622100
0.553190
0.458530
0.419010
0.490910
0.569150
0.524950
0.276370
0.617620
0.607470
0.872610
0.447340
0.876560
0.657750
0.630230
0.726660
0.896810
0.353280
0.793270
0.761660
0.832990
0.416820
0.191830
0.552300
0.758280
