0.095470
0.102220
0.097090
0.097970
0.106160
0.128560
0.161500
0.155390
0.104040
0.101950
0.129600
0.128120
0.137600
0.103780
0.102360
0.125610
0.090500
0.106190
0.164900
0.106190
0.109440
0.131590
0.128100
0.135860
0.189280
0.130930
0.105550
0.142080
0.135500
0.172090
0.131330
0.141390
0.122770
0.131170
0.164700
0.126330
0.140040
0.082850
0.125150
0.099940
0.145790
0.110530
0.108250
0.133160
0.164450
0.147980
0.116360
0.129630
0.167290
0.141530
0.099300
0.124800
0.152490
0.116480
0.134630
0.136990
0.117920
0.100720
0.108880
0.117630
0.148710
0.135360
0.099880
0.116560
0.119940
0.109130
0.165520
0.117400
0.136960
0.121840
0.147530
0.119910
0.182160
0.123190
0.144740
0.152660
0.125570
0.151060
0.126790
0.127750
0.161280
0.152660
0.141510
0.109650
0.113190
0.106000
0.104530
0.126400
0.113300
0.110640
0.000000
0.164380
0.116320
0.151250
0.092820
0.117590
0.105790
0.114680
0.108910
0.127280
