0.005025
0.135678
0.005025
0.035176
0.045226
0.045226
0.080402
0.010050
0.050251
0.025126
0.095477
0.000000
0.000000
0.020101
0.000000
0.010050
0.000000
0.005025
0.050251
0.020101
0.000000
0.010050
0.005025
0.015075
0.000000
0.050251
0.080402
0.035176
0.015075
0.050251
0.075377
0.170854
0.005025
0.070352
0.135678
0.035176
0.095477
0.035176
0.005025
0.055276
0.075377
0.055276
0.000000
0.000000
0.000000
0.030151
0.085427
0.035176
0.010050
0.005025
0.000000
0.000000
0.040201
0.000000
0.025126
0.060302
0.000000
0.010050
0.010050
0.010050
0.035176
0.045226
0.095477
0.020101
0.005025
0.000000
0.115578
0.005025
0.090452
0.010050
0.045226
0.085427
0.015075
0.010050
0.005025
0.075377
0.005025
0.000000
0.005025
0.060302
0.000000
0.050251
0.050251
0.035176
0.000000
0.000000
0.000000
0.000000
0.065327
0.000000
0.000000
0.015075
0.010050
0.000000
0.030151
0.010050
0.010050
0.020101
0.010050
0.020101
