0.889447
0.412060
0.005025
0.854271
0.321608
0.668342
0.798995
0.934673
0.748744
0.000000
0.512563
0.884422
0.864322
0.819095
0.834171
0.934673
0.638191
0.859296
0.824121
0.809045
0.693467
0.879397
0.884422
0.603015
0.894472
0.869347
0.894472
0.738693
0.869347
0.688442
0.904523
0.763819
0.829146
0.824121
0.783920
0.899497
0.864322
0.693467
0.592965
0.964824
0.929648
0.522613
0.748744
0.723618
0.542714
0.894472
0.798995
0.869347
0.814070
0.914573
0.748744
0.849246
0.939698
0.894472
0.819095
0.954774
0.934673
0.261307
0.366834
0.859296
0.874372
0.587940
0.306533
0.879397
0.487437
0.834171
0.969849
0.472362
0.969849
0.733668
0.804020
0.954774
0.854271
0.874372
0.653266
0.608040
0.819095
0.819095
0.723618
0.718593
0.638191
0.703518
0.557789
0.201005
0.849246
0.939698
0.291457
0.577889
0.778894
0.653266
0.909548
0.427136
0.723618
0.542714
0.698492
0.864322
0.688442
0.422111
0.633166
0.899497
