0.989950
0.949749
0.979899
0.989950
0.517588
0.859296
0.708543
0.959799
0.688442
0.753769
0.658291
0.904523
0.954774
0.733668
0.507538
0.974874
0.783920
0.547739
0.658291
0.919598
0.864322
0.919598
0.974874
0.783920
0.989950
0.974874
1.000000
0.934673
0.944724
0.959799
0.914573
0.914573
0.949749
0.929648
0.984925
0.964824
0.587940
0.954774
0.577889
0.829146
0.984925
0.648241
0.969849
0.733668
0.964824
0.989950
0.487437
0.793970
0.974874
0.939698
0.738693
0.924623
0.964824
0.989950
0.884422
0.934673
0.909548
0.919598
0.974874
0.994975
0.874372
0.979899
0.643216
0.899497
0.723618
1.000000
0.969849
0.819095
0.989950
0.989950
0.894472
0.974874
0.914573
0.517588
0.939698
0.688442
0.778894
0.989950
0.924623
0.959799
0.934673
0.929648
0.914573
0.959799
0.984925
1.000000
0.834171
0.989950
0.994975
0.959799
0.969849
1.000000
0.879397
0.814070
0.839196
0.979899
0.894472
0.788945
0.989950
0.974874
