0.944724
0.984925
0.984925
0.969849
1.000000
0.974874
0.819095
0.698492
0.964824
1.000000
1.000000
0.793970
0.879397
0.743719
0.989950
1.000000
0.743719
1.000000
0.954774
0.944724
0.974874
0.964824
0.879397
0.984925
1.000000
1.000000
0.914573
0.974874
0.849246
0.969849
1.000000
0.929648
1.000000
0.748744
0.668342
0.964824
0.954774
0.974874
0.974874
0.959799
0.949749
1.000000
0.984925
0.979899
0.396985
0.939698
0.964824
0.944724
0.994975
1.000000
1.000000
0.954774
0.979899
0.964824
0.994975
0.743719
1.000000
0.939698
1.000000
0.974874
0.743719
1.000000
0.954774
0.939698
0.984925
1.000000
0.894472
0.979899
1.000000
0.989950
0.889447
0.994975
0.939698
1.000000
0.969849
0.391960
1.000000
1.000000
0.974874
0.979899
1.000000
0.874372
0.984925
0.954774
0.994975
1.000000
0.979899
1.000000
1.000000
1.000000
0.994975
0.582915
0.407035
0.919598
0.648241
0.974874
0.427136
0.070352
0.788945
1.000000
