0.119500
0.097050
0.141830
0.200830
0.148600
0.166020
0.245450
0.145380
0.129630
0.000000
0.187980
0.124210
0.119290
0.161790
0.124980
0.140660
0.105180
0.146340
0.181660
0.136610
0.150210
0.136190
0.144330
0.190930
0.146810
0.143260
0.229900
0.146410
0.154520
0.190880
0.168960
0.153140
0.206720
0.154450
0.126510
0.153200
0.154430
0.090780
0.203940
0.151080
0.122000
0.104560
0.122100
0.149700
0.133820
0.162490
0.127360
0.181090
0.162480
0.120820
0.156560
0.186450
0.173880
0.148250
0.137820
0.204280
0.153660
0.192370
0.103970
0.123820
0.134080
0.164130
0.085940
0.156760
0.196420
0.188800
0.155180
0.129990
0.208560
0.113310
0.183520
0.120100
0.141550
0.155780
0.185930
0.193730
0.104440
0.106130
0.125160
0.138330
0.172320
0.213480
0.124800
0.101270
0.138560
0.110180
0.146450
0.149200
0.160740
0.151740
0.112160
0.145860
0.123160
0.217260
0.092100
0.114290
0.114160
0.118640
0.141370
0.102160
