0.642970
0.802870
0.718270
0.584750
0.766950
0.584160
0.518970
0.279480
0.584220
0.741880
0.768130
0.382790
0.545680
0.330850
0.736340
0.809160
0.336320
0.785840
0.617320
0.669560
0.499420
0.516680
0.453620
0.697220
0.845120
0.785810
0.538800
0.654240
0.390080
0.505980
0.782090
0.604770
0.872140
0.411090
0.360930
0.645210
0.639180
0.710830
0.529530
0.595090
0.603330
0.862700
0.658240
0.553530
0.210240
0.533930
0.606280
0.648680
0.688310
0.646140
0.763950
0.592520
0.693300
0.620240
0.669060
0.421270
0.646400
0.548560
0.936800
0.545920
0.292520
0.936990
0.671790
0.603970
0.778370
1.000000
0.583340
0.571830
0.668950
0.735320
0.563280
0.763240
0.590100
0.783430
0.543030
0.320550
0.796740
0.719890
0.730140
0.612770
0.695370
0.596230
0.711100
0.643410
0.764450
0.964860
0.849960
0.964580
0.866200
0.784990
0.756310
0.432890
0.316940
0.551630
0.297680
0.570720
0.183150
0.168820
0.477500
0.862570
