0.080610
0.097880
0.099240
0.089810
0.084300
0.098270
0.108680
0.081180
0.097060
0.115040
0.104000
0.107290
0.126800
0.145530
0.101000
0.099810
0.114950
0.162000
0.097070
0.115800
0.116950
0.141910
0.110380
0.140930
0.098940
0.109050
0.108300
0.109100
0.122550
0.131430
0.120680
0.110790
0.117400
0.097600
0.130110
0.101370
0.145220
0.086410
0.114110
0.088410
0.144990
0.103510
0.111380
0.091050
0.090520
0.146530
0.103100
0.109890
0.120060
0.101480
0.123870
0.126660
0.150160
0.091500
0.089890
0.103090
0.118230
0.091100
0.107180
0.107650
0.108350
0.130290
0.091990
0.201630
0.099300
0.134190
0.104930
0.121720
0.116410
0.134070
0.152030
0.128050
0.086860
0.108190
0.096450
0.126190
0.093120
0.104420
0.089950
0.123610
0.126980
0.084190
0.122290
0.084610
0.138670
0.104060
0.107120
0.094690
0.096220
0.102970
0.106650
0.137030
0.099390
0.091690
0.120850
0.093500
0.085090
0.084000
0.074610
0.089670
