0.005025
0.000000
0.010050
0.035176
0.005025
0.000000
0.000000
0.000000
0.005025
0.000000
0.005025
0.005025
0.060302
0.000000
0.025126
0.020101
0.040201
0.065327
0.000000
0.050251
0.005025
0.045226
0.080402
0.080402
0.010050
0.000000
0.050251
0.085427
0.015075
0.000000
0.030151
0.010050
0.000000
0.005025
0.040201
0.005025
0.020101
0.050251
0.040201
0.025126
0.025126
0.030151
0.030151
0.060302
0.050251
0.105528
0.000000
0.000000
0.010050
0.025126
0.000000
0.000000
0.065327
0.000000
0.005025
0.010050
0.030151
0.030151
0.030151
0.035176
0.040201
0.000000
0.010050
0.055276
0.005025
0.100503
0.005025
0.035176
0.000000
0.040201
0.050251
0.005025
0.005025
0.005025
0.000000
0.025126
0.025126
0.065327
0.015075
0.000000
0.005025
0.050251
0.000000
0.025126
0.025126
0.010050
0.005025
0.020101
0.080402
0.000000
0.000000
0.000000
0.055276
0.010050
0.060302
0.035176
0.005025
0.000000
0.010050
0.005025
