0.035176
0.000000
0.020101
0.035176
0.025126
0.030151
0.000000
0.000000
0.100503
0.005025
0.005025
0.000000
0.025126
0.045226
0.010050
0.045226
0.005025
0.140704
0.020101
0.110553
0.040201
0.035176
0.010050
0.010050
0.000000
0.035176
0.015075
0.010050
0.005025
0.035176
0.005025
0.045226
0.055276
0.000000
0.000000
0.020101
0.010050
0.060302
0.025126
0.000000
0.080402
0.005025
0.030151
0.020101
0.005025
0.040201
0.030151
0.005025
0.050251
0.055276
0.035176
0.035176
0.000000
0.020101
0.000000
0.010050
0.020101
0.015075
0.000000
0.015075
0.020101
0.000000
0.005025
0.150754
0.020101
0.055276
0.010050
0.005025
0.055276
0.015075
0.025126
0.040201
0.000000
0.005025
0.000000
0.000000
0.050251
0.020101
0.005025
0.000000
0.005025
0.040201
0.005025
0.000000
0.030151
0.005025
0.020101
0.030151
0.005025
0.005025
0.010050
0.010050
0.005025
0.030151
0.020101
0.040201
0.020101
0.000000
0.000000
0.005025
