0.597990
0.189930
0.165520
0.854470
0.553080
0.529040
0.638000
0.632570
0.585710
0.000000
0.574980
0.902760
0.760700
0.321950
0.423360
0.792290
0.540900
0.386850
0.801780
0.533760
0.617420
0.815150
0.439140
0.699400
0.626160
0.578030
0.453570
0.778880
0.557810
0.794240
0.440130
0.448580
0.528600
0.969920
0.760000
0.788250
0.680680
0.625280
1.000000
0.552090
0.919750
0.662650
0.597950
0.460570
0.288820
0.784840
0.246580
0.594150
0.810590
0.492310
0.746540
0.360960
0.917950
0.328880
0.410620
0.484820
0.595930
0.404280
0.541010
0.813840
0.748900
0.492950
0.873970
0.793470
0.651110
0.742540
0.592280
0.632700
0.777080
0.618310
0.644800
0.867660
0.939950
0.698110
0.295310
0.431360
0.794010
1.000000
0.689250
0.906880
0.793680
0.394420
0.403260
0.354690
0.810150
0.730790
0.760600
0.363630
0.378740
0.679680
0.474450
0.488700
0.600470
0.676130
0.481140
0.816960
0.395900
0.497570
0.506080
0.774970
